100
-4130 1180
-1180 3540
-590 -590
590 4130
0 2950
590 3540
590 2950
4130 -4130
0 -590
-2360 -590
-1770 590
-4130 3540
-1770 1770
-2950 -4130
-2360 2360
-4720 -1770
-590 -1180
-2950 3540
2950 2360
2950 -1770
590 -1180
-2950 -3540
-2360 -3540
-2950 2360
1180 0
-2950 4130
-4130 -2360
2950 -1180
4130 -4720
-590 -2950
2950 -590
0 -2360
2950 1770
-3540 1770
-590 -4720
-4720 -4130
-1180 -2360
-2950 1180
-1180 -590
-1180 -4720
4130 590
2950 2950
-1180 2950
-4720 1180
3540 -3540
-2360 -4130
-3540 -4720
-3540 0
-590 0
-1180 4130
-1770 2360
2360 -2950
1180 2950
2950 4130
-1180 2360
2950 -2950
-1770 4130
-590 1770
-4720 -4720
-3540 -3540
590 0
-1770 3540
-4130 4130
1770 4130
3540 -4130
1770 0
-1180 1770
1180 590
-1770 -2950
-3540 -590
4130 -1180
1180 -2360
-2360 1770
1180 -4130
-4130 2360
3540 -2950
1770 -2950
4130 -1770
2950 -3540
-590 -3540
-1770 1180
590 1180
-1770 0
-4720 4130
1770 -4720
-2360 -1770
-3540 -1770
-4130 0
-3540 4130
2360 2950
2950 1180
-4130 -3540
-2360 1180
2360 1180
590 -4720
-4720 -1180
1180 -3540
1770 -1770
2950 0
1770 590
