50
4175 -835
2505 -1670
835 -2505
-3340 4175
-1670 -4175
4175 -4175
-3340 -3340
-3340 1670
-4175 2505
-1670 -3340
-2505 -835
2505 -835
4175 3340
2505 3340
-1670 -2505
835 -4175
0 -2505
-835 -4175
-835 -1670
2505 0
-1670 1670
3340 -835
4175 1670
-3340 -4175
3340 -3340
-835 -835
0 -835
-2505 -3340
-4175 -1670
-835 835
3340 835
0 -3340
1670 2505
-2505 -1670
4175 -3340
-3340 835
-4175 -835
2505 -4175
0 2505
-2505 0
3340 3340
4175 -1670
3340 2505
1670 1670
4175 2505
2505 2505
1670 4175
-1670 2505
-2505 -4175
835 -835
