60
762 -3810
762 4572
-1524 -4572
4572 -1524
3810 -4572
0 -2286
-1524 4572
3810 -2286
1524 -4572
2286 3048
3810 -3810
0 762
1524 -2286
-762 4572
4572 762
3810 1524
1524 762
2286 -3810
762 1524
-762 762
3810 -3048
-4572 3810
762 3810
3810 -1524
1524 4572
0 -1524
-1524 1524
1524 -3048
-762 -762
3048 -3048
0 0
3048 -3810
-3810 1524
-3048 4572
-3048 3048
-4572 4572
3810 762
-2286 -762
3810 3048
2286 4572
0 1524
-3810 -3810
-3048 -3048
-2286 3810
2286 -3048
762 -4572
-3048 2286
-4572 -4572
-2286 -2286
762 -2286
-3048 -4572
1524 2286
-2286 0
3048 2286
-3810 4572
762 3048
-4572 -762
-3048 762
-762 0
-2286 762
