70
2118 3530
0 -2118
706 4236
-1412 1412
-4236 4236
3530 0
2118 -2824
1412 3530
-706 3530
3530 -4236
-2118 706
0 3530
-706 -3530
3530 -4942
-3530 -3530
-2118 3530
3530 1412
-4942 -2118
1412 -706
4236 706
-2824 1412
4236 4236
2118 -706
2118 -4236
-2118 -706
-3530 0
-2824 -3530
1412 4236
-3530 1412
4236 -2118
3530 -706
2118 -4942
0 2824
2824 -2118
-2824 -1412
-1412 706
2824 -1412
4236 1412
4236 -3530
2824 -706
4236 2824
-4942 4236
-3530 -706
2824 -4942
2118 2824
-1412 0
2824 -3530
-2118 -1412
0 -2824
-2118 2118
-4236 706
706 -4236
4236 -2824
-2118 4236
0 4236
2824 -2824
1412 -4942
706 -706
-3530 4236
1412 -3530
-2824 -4236
3530 2118
706 2118
-706 1412
-4236 -2824
3530 -2118
-3530 -1412
-4236 2824
0 2118
2824 -4236
