80
-3300 1980
2640 1980
-2640 -1320
-2640 1320
4620 -660
-1320 4620
-3960 -4620
-1320 1320
-1980 3960
-2640 660
-4620 0
-3300 0
-3300 -1320
-2640 4620
-3960 3960
-660 -2640
660 1320
4620 -2640
4620 -3300
3300 -1320
-1320 -3300
1320 -3300
2640 -1320
0 -660
3960 660
-4620 -3960
-1320 -2640
660 -1320
1980 660
-4620 1320
2640 -660
-2640 -4620
-1980 -2640
1320 -3960
-1320 1980
-4620 2640
-4620 4620
-1980 -1320
0 2640
3960 3300
-660 -660
1980 -4620
-4620 -2640
-660 3300
-3300 -3960
-1980 -660
0 -3300
1320 1980
-2640 -3300
3960 1980
660 -3300
-4620 -4620
3960 4620
-1980 3300
3300 4620
3300 -4620
3300 -1980
660 -660
-1320 3960
-1980 -3300
3300 -2640
2640 3960
0 3300
1320 -4620
-660 -3300
-4620 3300
-3960 2640
1320 3960
-3300 1320
-2640 2640
0 -4620
1320 -2640
3300 2640
1320 4620
2640 -4620
-3960 -1980
-1980 1320
-4620 3960
2640 -1980
-660 0
