90
1866 -622
-3110 -622
-2488 1244
-4354 -3110
-3732 -3110
3732 3732
-1244 1866
-1866 -4354
-1244 3110
-4354 1866
0 -4354
3732 -1866
4354 -622
-4976 622
2488 -3732
2488 -622
622 -4976
3732 3110
1244 4354
-4354 2488
-3110 4354
1244 622
1866 -4976
1244 -4354
3110 1866
2488 -1244
3110 1244
1866 2488
-3732 1866
-1866 3732
3110 -3732
-1244 -622
-3732 -2488
-2488 2488
-2488 -1866
0 -622
-1866 -3732
-4976 -4976
-4354 -4976
-1244 -3110
4354 1244
3110 -1866
0 1244
-622 3732
-4354 622
-3110 -1244
-1866 -622
1866 3110
3732 -4976
4354 3732
-4976 -3732
622 -4354
-3732 -4976
4354 0
622 -3110
-4354 -1244
0 622
-4354 4354
0 -3732
0 1866
0 3110
1244 -4976
-2488 622
1866 0
0 -1866
-1866 1866
2488 4354
-1866 -1244
-622 -1244
-1866 4354
622 3110
1244 2488
-1866 -2488
2488 1244
3732 1244
4354 622
-3732 -1866
-622 1244
1866 -2488
-622 -4976
-3732 0
-4354 -622
3110 3110
-2488 -4354
0 -3110
4354 3110
622 2488
1244 -2488
2488 0
622 3732
